        weight_2019 pitax_2019 total_gross_income_2019 weight_2020 pitax_2020 total_gross_income_2020 weight_2021 pitax_2021 total_gross_income_2021 weight_2022 pitax_2022 total_gross_income_2022 weight_2023 pitax_2023 total_gross_income_2023 weight_2024 pitax_2024 total_gross_income_2024 weight_ref_2024 pitax_ref_2024 total_gross_income_ref_2024 weight_ref_2025 pitax_ref_2025 total_gross_income_ref_2025 weight_ref_2026 pitax_ref_2026 total_gross_income_ref_2026 weight_ref_2027 pitax_ref_2027 total_gross_income_ref_2027
 0-10n          -99          0                       0         -99          0                       0         -99          0                       0         -99          0                       0         -99          0                       0         -99          0                       0             -99              0                           0             -99              0                           0             -99              0                           0             -99              0                           0
 0-10z          -99          0                       0         -99          0                       0         -99          0                       0         -99          0                       0         -99          0                       0         -99          0                       0             -99              0                           0             -99              0                           0             -99              0                           0             -99              0                           0
 0-10p      164,111         83                  15,725     164,111         69                  14,624     164,111        130                  17,842     164,111        177                  19,269     164,111        237                  20,811     164,111        282                  21,851         164,111            294                      21,851         164,111            344                      22,944         164,111            399                      24,091         164,111            462                      25,295
 10-20      164,130      1,566                  46,562     164,130      1,272                  43,302     164,130      2,216                  52,829     164,130      2,700                  57,055     164,130      3,253                  61,620     164,130      3,641                  64,701         164,130          3,662                      64,701         164,130          4,080                      67,936         164,130          4,528                      71,332         164,130          5,004                      74,899
 20-30      164,116      3,924                  68,099     164,116      3,300                  63,332     164,116      5,146                  77,265     164,116      5,976                  83,447     164,116      6,875                  90,122     164,116      7,482                  94,629         164,116          7,520                      94,629         164,116          8,161                      99,360         164,116          8,837                     104,328         164,116          9,567                     109,544
 30-40      164,122      5,882                  84,188     164,122      5,104                  78,295     164,122      7,383                  95,520     164,122      8,397                 103,161     164,122      9,507                 111,414     164,122     10,285                 116,985         164,122         10,342                     116,985         164,122         11,197                     122,834         164,122         12,131                     128,976         164,122         13,133                     135,424
 40-50      164,122      7,707                  99,778     164,122      6,797                  92,794     164,122      9,476                 113,208     164,122     10,736                 122,265     164,122     12,181                 132,046     164,122     13,187                 138,648         164,122         13,269                     138,648         164,122         14,341                     145,581         164,122         15,476                     152,860         164,122         16,673                     160,503
 50-60      164,118      9,754                 117,257     164,118      8,672                 109,049     164,118     11,994                 133,039     164,118     13,587                 143,683     164,118     15,334                 155,177     164,118     16,520                 162,936         164,118         16,647                     162,936         164,118         17,908                     171,083         164,118         19,255                     179,637         164,118         20,711                     188,619
 60-70      164,121     12,663                 139,582     164,121     11,247                 129,811     164,121     15,461                 158,370     164,121     17,374                 171,039     164,121     19,493                 184,722     164,121     20,977                 193,958         164,121         21,171                     193,958         164,121         22,791                     203,656         164,121         24,565                     213,839         164,121         26,544                     224,531
 70-80      164,121     17,013                 172,492     164,121     15,235                 160,417     164,121     20,566                 195,709     164,121     23,130                 211,366     164,121     26,153                 228,275     164,121     28,378                 239,689         164,121         28,739                     239,689         164,121         31,285                     251,674         164,121         34,161                     264,257         164,121         37,384                     277,470
 80-90      164,115     26,082                 237,427     164,115     23,208                 220,807     164,115     32,209                 269,385     164,115     36,746                 290,936     164,115     41,880                 314,210     164,115     45,427                 329,921         164,115         47,437                     329,921         164,115         51,678                     346,417         164,115         56,222                     363,738         164,115         61,065                     381,925
 90-100     164,130    103,508                 890,609     164,130     94,176                 828,266     164,130    121,671               1,010,485     164,130    134,034               1,091,323     164,130    147,453               1,178,629     164,130    156,539               1,237,561         164,130        190,416                   1,237,561         164,130        202,240                   1,299,439         164,130        214,686                   1,364,411         164,130        227,779                   1,432,631
 ALL      1,641,206     18,819                 187,176   1,641,206     16,908                 174,074   1,641,206     22,626                 212,370   1,641,206     25,286                 229,360   1,641,206     28,237                 247,708   1,641,206     30,273                 260,094       1,641,206         33,951                     260,094       1,641,206         36,404                     273,099       1,641,206         39,027                     286,753       1,641,206         41,833                     301,091
 90-95       82,060     47,160                 370,766      82,060     42,029                 344,812      82,060     57,353                 420,671      82,060     64,404                 454,325      82,060     72,131                 490,671      82,060     77,394                 515,204          82,060         85,195                     515,204          82,060         91,660                     540,964          82,060         98,501                     568,013          82,060        105,725                     596,413
 95-99       65,650     98,268                 751,335      65,650     89,077                 698,742      65,650    116,079                 852,465      65,650    128,152                 920,662      65,650    141,218                 994,315      65,650    150,048               1,044,031          65,650        176,458                   1,044,031          65,650        187,679                   1,096,233          65,650        199,471                   1,151,044          65,650        211,861                   1,208,596
 Top 1%      16,420    406,058               4,045,394      16,420    375,171               3,762,217      16,420    465,467               4,589,904      16,420    505,532               4,957,097      16,420    548,808               5,353,665      16,420    578,022               5,621,348          16,420        772,073                   5,621,348          16,420        813,091                   5,902,415          16,420        856,161                   6,197,536          16,420        901,389                   6,507,413

