          weight_2019 pitax_2019 total_gross_income_2019 weight_2020 pitax_2020 total_gross_income_2020 weight_2021 pitax_2021 total_gross_income_2021 weight_2022 pitax_2022 total_gross_income_2022 weight_2023 pitax_2023 total_gross_income_2023 weight_2024 pitax_2024 total_gross_income_2024 weight_ref_2024 pitax_ref_2024 total_gross_income_ref_2024 weight_ref_2025 pitax_ref_2025 total_gross_income_ref_2025 weight_ref_2026 pitax_ref_2026 total_gross_income_ref_2026 weight_ref_2027 pitax_ref_2027 total_gross_income_ref_2027
<0                0.0          0                       0         0.0          0                       0         0.0          0                       0         0.0          0                       0         0.0          0                       0         0.0          0                       0             0.0              0                           0             0.0              0                           0             0.0              0                           0             0.0              0                           0
=0             1272.0          0                       0      1272.0          0                       0      1272.0          0                       0      1272.0          0                       0      1272.0          0                       0      1272.0          0                       0          1272.0              0                           0          1272.0              0                           0          1272.0              0                           0          1272.0              0                           0
0-0.05 m    1562974.0     17,617                 193,938   1570314.0     16,037                 183,899   1547904.0     20,630                 212,035   1536974.0     22,613                 223,319   1524184.0     24,675                 234,539   1515254.0     26,034                 241,695       1515254.0         26,741                     241,695       1505964.0         28,219                     249,021       1495354.0         29,701                     256,037       1484484.0         31,288                     263,273
0.05-0.1m     49280.0      4,401                  33,574     44930.0      3,896                  30,569     58710.0      5,497                  40,094     65900.0      6,353                  45,098     73890.0      7,313                  50,358     79660.0      8,033                  54,212         79660.0          9,080                      54,212         85520.0          9,930                      58,170         92350.0         10,875                      62,642         99370.0         11,900                      67,398
0.1-0.15m     12630.0      1,950                  15,252     11180.0      1,689                  13,526     15030.0      2,420                  18,140     16700.0      2,778                  20,246     19060.0      3,247                  23,056     20520.0      3,547                  24,828         20520.0          4,213                      24,828         21890.0          4,534                      26,415         23610.0          4,950                      28,444         25290.0          5,379                      30,475
0.15-0.2m      5340.0      1,116                   9,194      4820.0        995                   8,292      6470.0      1,419                  11,113      7040.0      1,583                  12,121      7920.0      1,824                  13,660      8440.0      1,982                  14,546          8440.0          2,430                      14,546          9150.0          2,649                      15,675         10030.0          2,940                      17,205         10870.0          3,223                      18,668
0.2-0.3m       4470.0      1,288                  10,801      4010.0      1,127                   9,699      5500.0      1,621                  13,305      6210.0      1,853                  15,011      6730.0      2,045                  16,201      7410.0      2,281                  17,889          7410.0          2,874                      17,889          8100.0          3,162                      19,522          8480.0          3,348                      20,458          9130.0          3,666                      22,123
0.3-0.4m       2080.0        796                   7,159      1850.0        699                   6,305      2370.0        926                   8,213      2490.0      1,013                   8,554      2980.0      1,242                  10,201      3150.0      1,339                  10,889          3150.0          1,740                      10,889          3290.0          1,841                      11,333          3680.0          2,072                      12,674          3820.0          2,133                      13,178
0.4-0.5m        880.0        427                   3,892       800.0        398                   3,560      1250.0        625                   5,536      1570.0        791                   6,945      1750.0        876                   7,860      1640.0        831                   7,356          1640.0          1,094                       7,356          1840.0          1,241                       8,217          1810.0          1,239                       8,052          2020.0          1,441                       8,984
0.5-1m         1470.0      1,055                   9,901      1310.0        916                   8,879      1770.0      1,311                  12,164      2000.0      1,481                  13,710      2250.0      1,702                  15,460      2560.0      1,918                  17,160          2560.0          2,579                      17,160          2740.0          2,728                      18,213          3100.0          3,088                      20,566          3300.0          3,311                      21,950
>1m             810.0      1,735                  23,483       720.0      1,529                  20,961       930.0      2,118                  27,942      1050.0      2,422                  31,423      1170.0      2,759                  35,206      1300.0      3,025                  38,294          1300.0          4,273                      38,294          1440.0          4,713                      41,646          1520.0          5,073                      44,543          1650.0          5,512                      48,104
ALL         1641206.0     30,386                 307,195   1641206.0     27,286                 285,691   1641206.0     36,567                 348,543   1641206.0     40,888                 376,426   1641206.0     45,682                 406,541   1641206.0     48,989                 426,868       1641206.0         55,026                     426,868       1641206.0         59,017                     448,211       1641206.0         63,286                     470,621       1641206.0         67,853                     494,153

